0.005136469 0.005569458 0.01589691 0.0001838697 0.001465455
0.003149285 0.03255007 0.007154362 0.0177637 0.005867971
0.0003458241 0.006669445 0.0027844 0.004215931 0.003025358
0.002636967 0.009016556 0.03818137 0.000101457 0.01224023
2.470349e-05 0.008871096 0.01702142 0.01155508 0.01565818
0.001898534 0.04272249 0.003187295 0.03866116 0.006153404
0.01121598 0.006763707 0.003408506 0.01225474 0.007812202
0.00463908 0.002540012 0.0008144845 0.003142577 0.001947574
0.001123138 0.0001960647 0.001355303 0.004106172 0.02628813
0.004217851 0.002319564 0.02930895 0.01212222 0.002431997
0.01507279 0.0121069 0.009708856 0.00600979 0.0001091883
0.004722218 0.007822075 0.003927715 0.001657188 0.006280832
0.001713954 0.02833598 0.011468 0.0002341573 0.01194909
0.007966126 0.004340305 0.02174091 4.435042e-05 0.008216722
0.003591686 0.0006035612 0.002897164 0.01559661 0.04428681
0.004050906 0.003711865 0.004641846 0.0145249 0.01350148
0.0161968 0.0007809263 6.487833e-05 0.001296884 0.009588595
0.003654008 0.02106621 0.005592523 0.002256046 0.0002232739
0.008281764 0.009787071 0.002171998 0.02376187 0.03987633
0.002224964 0.03333244 0.00280641 0.0002754114 0.007763195
0.5194214 0.4264281 0.7206587 0.1469456 0.7034583
0.1584443 0.8157492 0.6027693 0.5217152 0.9606053
0.2015755 0.7158629 0.9493562 0.5707748 0.945839
0.4439033 0.1642528 0.02647394 0.9600903 0.2135349
0.3660103 0.1035219 0.4458311 0.2506729 0.3296512
0.04280079 0.6067283 0.5699919 0.05071564 0.9138906
0.0924599 0.8431458 0.7423392 0.3455052 0.852452
0.9168179 0.1769314 0.1716781 0.1184962 0.01759726
0.2343765 0.01649624 0.7098548 0.7986017 0.3037549
0.4641858 0.3980225 0.499561 0.9899591 0.353652
0.4647974 0.5207415 0.7352609 0.2629884 0.3229029
0.0540712 0.7506554 0.9685324 0.9959098 0.7670049
0.5179195 0.8426942 0.8543404 0.09154655 0.2348235
0.3298611 0.3150271 0.2126008 0.3499099 0.02909018
0.7848637 0.9795156 0.1734212 0.8353769 0.5499074
0.2120599 0.2346568 0.4569323 0.01592951 0.1911361
0.9030866 0.6799707 0.5146563 0.08534718 0.3094302
0.4413942 0.7158328 0.6303087 0.7761366 0.8701715
0.03360263 0.6114468 0.8056454 0.3686161 0.01854065
0.5078394 0.008810304 0.9144789 0.5364404 0.6274545
0.4469679 0.5175279 0.1380144 0.7772538 0.1435776
0.1610465 0.5149117 0.5954201 0.5912043 0.8740556
0.7315693 0.8960994 0.9473394 0.7173889 0.9131895
0.2685548 0.4048945 0.4671423 0.1383564 0.1010092
0.1805414 0.2896178 0.6179928 0.1097587 0.4982133
0.7299381 0.5235718 0.8329972 0.9036528 0.5399842
0.3734184 0.5304349 0.268363 0.06679523 0.1695582
0.8077894 0.9512506 0.700142 0.2594989 0.07849547
0.6329617 0.1443964 0.4303432 0.7369739 0.2623044
0.6794363 0.2496098 0.3370879 0.3746564 0.3297994
0.3482943 0.3166601 0.7240791 0.1672423 0.7511349
0.9917228 0.8013315 0.4327538 0.3058295 0.5366652
0.01993425 0.4798914 0.5207531 0.7806228 0.8968412
0.8464472 0.3347615 0.5983712 0.1418165 0.4021756
0.6767324 0.4785031 0.09312538 0.5433836 0.6241873
0.584486 0.7872613 0.2099921 0.6816599 0.4341583
0.8468989 0.02880939 0.6181253 0.701432 0.5506081
0.5988029 0.9320068 0.1417571 0.4631303 0.6222037
0.5621614 0.5212626 0.5274992 0.3344321 0.7276677
0.8515606 0.1581543 0.883329 0.2771074 0.8452896
0.8151686 0.475188 0.6201419 0.6934779 0.8770376
0.3385831 0.3234726 0.4636878 0.8383315 0.6482188
0.3282897 0.9360366 0.480211 0.4576501 0.6214353
0.2239404 0.1476767 0.2368272 0.1580856 0.342599
0.18047 0.9731726 0.4359161 0.8413497 0.4960073
0.2389409 0.2490493 0.2312452 0.5337615 0.2351165
0.6770375 0.4681809 0.4962161 0.7280474 0.4522835
0.4845556 0.4212733 0.8056563 0.05374593 0.008070144
0.9545158 0.2680255 0.7682177 0.2118918 0.6781114
0.4853199 0.9723091 0.03429222 0.2491833 0.5403857
0.6791522 0.3836678 0.4378938 0.4628976 0.08437322
0.5060599 0.5086709 0.8661646 0.94981 0.854065
0.7127136 0.1722175 0.2321147 0.4909976 0.4395183
0.3771966 0.4803315 0.4882957 0.2832303 0.5640182
0.5926835 0.1623582 0.3072781 0.2126168 0.6388918
0.4585555 0.01044686 0.1074217 0.6638412 0.3578078
0.6184936 0.4754033 0.1194094 0.7555654 0.5608837
0.619292 0.2768047 0.9270811 0.8983048 0.8644042
0.5906089 0.3344527 0.3345412 0.754341 0.2456735
0.3557653 0.4361954 0.7662313 0.250504 0.7687813
0.1136546 0.155192 0.9919586 0.08743559 0.3900788
0.9809984 0.08047587 0.7520666 0.3398903 0.0882207
0.401157 0.5891784 0.2937079 0.2410107 0.6139209
0.59033 0.774299 0.5057871 0.5557901 0.2069293
0.5593125 0.1600782 0.4251848 0.5306306 0.5539605
0.6785735 0.9585257 0.8643379 0.6330174 0.06649394
0.1334463 0.9890447 0.7841347 0.9636779 0.192878
0.6405061 0.5365153 0.3679791 0.8208833 0.9333097
0.149934 0.8532806 0.5066466 0.8837379 0.223368
0.4267299 0.5624372 0.819546 0.3005939 0.5982287
0.5862924 0.3209996 0.9117559 0.3914988 0.1078455
0.3056766 0.2830578 0.02214704 0.1123162 0.3668378
0.2131769 0.5738267 0.3355131 0.7826602 0.1360165
0.7920554 0.1602769 0.3357899 0.05298315 0.7813533
0.2749723 0.6192795 0.7389815 0.9809774 0.6117687
0.154896 0.03610587 0.3789249 0.07056489 0.1693554
0.07707599 0.2119385 0.7328537 0.9691941 0.08980737
0.6183348 0.145919 0.2721511 0.7703249 0.7558936
0.8591639 0.5345944 0.713256 0.167575 0.6673447
0.9616719 0.9198286 0.5844231 0.3400021 0.7937102
0.1514451 0.003194913 0.4791477 0.6311448 0.002455425
0.2763252 0.06878865 0.7127391 0.3179052 0.5268084
0.2025942 0.2398732 0.5582636 0.5661601 0.0598063
0.334565 0.3871003 0.3208698 0.3350586 0.5325912
0.7751176 0.7880246 0.2641155 0.7149169 0.4460359
0.2379485 0.4063898 0.8029547 0.6350288 0.1930961
0.567978 0.9201198 0.05961455 0.1941936 0.4881274
0.201487 0.7674562 0.1186109 0.4188417 0.7513487
0.2008822 0.1547077 0.01420215 0.8362298 0.00215278
0.5842634 0.5132724 0.8477012 0.8573208 0.287209
0.9942995 0.5452747 0.7929598 0.01704182 0.9004956
0.2358203 0.2739462 0.1551652 0.6433642 0.7473632
0.8234203 0.2805846 0.6630109 0.4763698 0.4736693
0.04071871 0.9605599 0.09047908 0.8650816 0.759387
0.3874941 0.122721 0.8353608 0.6373349 0.2013844
0.3221041 0.8058975 0.6170388 0.02271613 0.91755
0.2247908 0.9810662 0.2177774 0.1239079 0.1872476
0.9489979 0.5861117 0.8049282 0.4052902 0.024835
0.7554203 0.9645734 0.7977455 0.4619235 0.3477142
0.4340973 0.4584349 0.01750125 0.144326 0.3167514
0.5347694 0.2558365 0.3887597 0.2716967 0.3563055
0.491608 0.7847438 0.5284697 0.5656959 0.542466
0.6582295 0.3963166 0.4955518 0.9185308 0.6564456
0.6180659 0.2302475 0.3368187 0.3200663 0.9748129
0.8844337 0.2306046 0.09572187 0.6416684 0.5515042
0.5443811 0.03784282 0.06931372 0.7188217 0.8050127
0.9602669 0.6947529 0.8363925 0.6761449 0.6450956
0.8001557 0.9688146 0.3666011 0.1749717 0.6675965
0.3811478 0.2137818 0.1809171 0.319679 0.0233085
0.3774263 0.7904895 0.1965194 0.3811318 0.140225
0.6633759 0.8201322 0.6282825 0.5239698 0.6992292
0.9286051 0.08428178 0.9093747 0.1363588 0.3280551
0.5409886 0.9984611 0.283269 0.5905676 0.593892
0.8878484 0.5444854 0.5517327 0.2481826 0.1169338
0.08937636 0.1290413 0.1816811 0.2854126 0.7028022
0.2046465 0.3003534 0.1084413 0.6939085 0.4899574
0.8290584 0.7190729 0.9861093 0.1281024 0.3614721
0.6728944 0.302844 0.1679299 0.8939374 0.883406
0.3418269 0.355432 0.8812972 0.1937868 0.07763364
0.9337764 0.9319451 0.06353267 0.5889382 0.6150103
0.3731084 0.5403061 0.3308229 0.1413829 0.3500094
0.3588021 0.7802862 0.3854984 0.5478807 0.6437665
0.1950858 0.6909307 0.360064 0.9713384 0.02125701
0.1684782 0.7848405 0.4015218 0.7508076 0.7138281
0.1647296 0.339481 0.03928905 0.06784189 0.1612942
0.1499941 0.0280649 0.118627 0.03288538 0.4572096
0.5849659 0.5710662 0.1242005 0.7641027 0.6888398
0.3123404 0.5119374 0.4500196 0.5077553 0.5282273
0.8866097 0.8236729 0.1565697 0.5608732 0.2055239
0.2430249 0.7073289 0.2107547 0.7417404 0.0526474
0.2951189 0.8304454 0.9733092 0.17381 0.6064148
0.8850897 0.2304692 0.5643872 0.6563553 0.5086933
0.431379 0.1484261 0.570422 0.5310972 0.2148
0.3214921 0.4528265 0.46267 0.8147448 0.9978672
0.02244947 0.9488818 0.9581533 0.07813868 0.4148481
0.7499175 0.8813646 0.2875836 0.2369339 0.3904395
0.7413094 0.3544014 0.7843126 0.2852436 0.3858447
0.2505383 0.3110886 0.3418219 0.2927315 0.6493231
0.5478102 0.9084702 0.9517607 0.07948662 0.5325714
0.04088523 0.9707769 0.9715459 0.1740484 0.2389395
0.3335467 0.410251 0.04650293 0.7068996 0.04777722
0.376022 0.1682405 0.5153175 0.8778775 0.4380651
0.0005098665 0.9885461 0.4428784 0.006639575 0.5521626
0.9670935 0.1353279 0.09304768 0.01067257 0.4036958
0.6534885 0.691948 0.06816891 0.3294237 0.06642774
0.9113676 0.7972196 0.3983664 0.5465354 0.6823166
0.1133354 0.5677842 0.403316 0.5111058 0.417736
0.7670849 0.2908046 0.02525901 0.7090455 0.7371252
0.5337608 0.84434 0.9524091 0.8838786 0.8631675
0.1459357 0.1722222 0.6859502 0.6695397 0.03902004
0.5420092 0.5465191 0.09217501 0.886053 0.2721802
0.0924599 0.623774 0.8191139 0.811424 0.9782322
0.1038472 0.9771874 0.5542487 0.2572189 0.4320183
0.3688734 0.4313632 0.5163257 0.7527925 0.41835
0.8365016 0.3936381 0.6102433 0.2083418 0.8178581
0.9688998 0.1684057 0.8077269 0.6267658 0.7111814
0.8779898 0.8846921 0.2316394 0.2804376 0.9843848
0.8334877 0.6175892 0.417842 0.9432167 0.2289011
0.6183038 0.9243887 0.6135607 0.3463813 0.6825139
0.1086819 0.03254798 0.7636515 0.3717389 0.5501145
0.4187389 0.490705 0.1255793 0.8499063 0.8094072
0.6430225 0.48878 0.2885299 0.6169132 0.5442807
0.3903571 0.7272849 0.6315887 0.3985017 0.9131658
0.5559526 0.7872437 0.8814145 0.5169894 0.8777071
0.5343512 0.4333583 0.4149562 0.6856422 0.9779449
0.9907971 0.7724623 0.2727893 0.4402813 0.4794865
0.8604336 0.01008456 0.4033795 0.1641647 0.6967167
0.6434381 0.7774465 0.3500004 0.450349 0.2354091
0.07028631 0.2141438 0.9023712 0.8052502 0.4080839
0.9288219 0.1930403 0.4712045 0.9241166 0.5639363
0.2232178 0.2943927 0.4882521 0.0549381 0.1122978
0.2482389 0.3603152 0.6309145 0.6050058 0.8332852
0.756028 0.6290725 0.8029286 0.5034542 0.5216484
0.1923955 0.4761439 0.445685 0.4538696 0.1243414
0.8497892 0.3584687 0.2197935 0.3545831 0.8274814
0.6513201 0.1131892 0.7676071 0.04246908 0.07100298
0.6357265 0.07821473 0.1485938 0.264594 0.7108204
0.1884319 0.6961763 0.7847267 0.9957747 0.2390173
0.2153292 0.002520762 0.7256679 0.4772533 0.0416635
0.239219 0.1872825 0.1941424 0.5924415 0.2737337
